相机相关参数：
1.内外参数矩阵:
大小：[3 x 3]
[530.5277314196969, 0, 338.8371277433772;
 0, 530.5883296858977, 231.5390118666041;
 0, 0, 1]
2.畸变系数：
大小：[5 x 1]
[-0.2581406917161728, -0.1112448018759327, 0.0004630258905541759, -0.0009475605555992369, 0.413646790575426]

图像相关参数：
第1幅图像的旋转向量：
[-2.949263118288488;
 -0.01802492394094379;
 0.4167174786732147]
第1幅图像的旋转矩阵：
[0.9610407972467392, -0.01079642228743633, -0.2761956250434505;
 0.03460490928707207, -0.9866753218453967, 0.1589789593453053;
 -0.2742318112119462, -0.1623429903847839, -0.9478616287161019]
第1幅图像的平移向量：
[-28.39173512727707;
 7.128834295571636;
 166.8675793213531]
第2幅图像的旋转向量：
[-2.017898683585833;
 1.709054116553453;
 0.8379937684556783]
第2幅图像的旋转矩阵：
[0.08978157009456722, -0.9749692819768638, -0.2034064130573891;
 -0.7578390500686052, -0.1993924141810272, 0.6212267213813136;
 -0.6462346662493964, 0.09837461241895967, -0.7567715585095351]
第2幅图像的平移向量：
[26.48472685016041;
 44.09693792070811;
 135.6492570756006]
第3幅图像的旋转向量：
[2.798352803156329;
 0.5087738445878781;
 -0.2770224024707826]
第3幅图像的旋转矩阵：
[0.9194562361941656, 0.3688552784671923, -0.1361837481880607;
 0.3145483098022957, -0.8978430957872903, -0.3081187046376992;
 -0.2359228486691743, 0.2404652966521047, -0.9415502379490099]
第3幅图像的平移向量：
[-33.42826162970749;
 5.807738506574046;
 114.4379560002899]
第4幅图像的旋转向量：
[3.003533698595316;
 -0.004803974105391017;
 -0.3663141634264004]
第4幅图像的旋转矩阵：
[0.9707802218803609, 0.01084639616701542, -0.2397250852457985;
 -0.01712926464001245, -0.9932976949648359, -0.114307818938322;
 -0.239358202489093, 0.1150740842576292, -0.9640879659208792]
第4幅图像的平移向量：
[-38.9823534273139;
 23.84986591708815;
 125.6707289431822]
第5幅图像的旋转向量：
[2.203028377766532;
 1.747177628932009;
 -0.5819970387654939]
第5幅图像的旋转矩阵：
[0.1922528101918081, 0.9708793360546787, -0.1429411480133676;
 0.8626588621432029, -0.2366365102992095, -0.4470154914085271;
 -0.4678231979489127, -0.03736946367609345, -0.8830316974182828]
第5幅图像的平移向量：
[-24.24328981063387;
 -33.27800443632555;
 127.8431062303204]
第6幅图像的旋转向量：
[-1.840560033666043;
 -2.049673051287064;
 0.3861244832979689]
第6幅图像的旋转矩阵：
[-0.08838378279985271, 0.894965133437125, -0.4372936277489733;
 0.9927317008447624, 0.1151443111869999, 0.03500796679524257;
 0.08168278322788661, -0.4310211103103193, -0.8986371489043872]
第6幅图像的平移向量：
[23.1894543305741;
 -30.76509519657561;
 154.3460412147862]
第7幅图像的旋转向量：
[-1.734381471857167;
 -2.393110638731033;
 0.4584152572853615]
第7幅图像的旋转矩阵：
[-0.319916606188787, 0.899719986165683, -0.296912969704377;
 0.9457536244055473, 0.2845378532750059, -0.156806543158833;
 -0.05659900183236358, -0.3309715343464983, -0.9419418222182859]
第7幅图像的平移向量：
[-35.99402765921528;
 -41.64500046347874;
 171.0786954734792]
第8幅图像的旋转向量：
[1.879513833826427;
 2.329125638115848;
 -0.651951567378059]
第8幅图像的旋转矩阵：
[-0.2450612839786913, 0.9484094989669737, -0.2011576231812481;
 0.9150208669853267, 0.1576781533768057, -0.371314439429847;
 -0.3204399788979774, -0.2750582160505197, -0.9064552927237887]
第8幅图像的平移向量：
[-14.9073445224041;
 -42.0195544157193;
 139.310209169868]
第9幅图像的旋转向量：
[-2.878258910234768;
 -0.1960765955048668;
 -0.6092645458903407]
第9幅图像的旋转矩阵：
[0.9066381142825563, 0.1682600113129767, 0.3869055418614801;
 0.08898264747558809, -0.9726654352589955, 0.2144855228230195;
 0.4124189837754851, -0.1600328705153592, -0.8968277773219395]
第9幅图像的平移向量：
[-34.13590653744634;
 17.17277856095743;
 118.5323593912083]
第10幅图像的旋转向量：
[2.067413445413421;
 1.711305553236607;
 0.6251688076312126]
第10幅图像的旋转矩阵：
[0.1578906924233584, 0.8121590761909362, 0.5616655269880438;
 0.9829606187827783, -0.1834866679517879, -0.01100293625027926;
 0.09412200151000646, 0.5538323551803697, -0.8272912251360552]
第10幅图像的平移向量：
[-20.8429927612182;
 -34.08692556097726;
 106.4858547302464]
第11幅图像的旋转向量：
[2.061555180025584;
 2.023552523855069;
 -0.4707637099910174]
第11幅图像的旋转矩阵：
[0.003826280935548265, 0.9970510723875891, -0.07664540837493655;
 0.9284976789099725, -0.03200254204509867, -0.3699566157827769;
 -0.3713184884071836, -0.06974952582928595, -0.9258820571830918]
第11幅图像的平移向量：
[-28.60194747486745;
 -38.39020505302727;
 131.3079377860784]
第12幅图像的旋转向量：
[-2.16427186467058;
 -1.587858993912507;
 -0.3504549475691187]
第12幅图像的旋转矩阵：
[0.3119026134804518, 0.9488212220566233, -0.04954844376002038;
 0.8398204093963603, -0.2509325705077237, 0.4813881230563506;
 0.4443179488445115, -0.1917580080032179, -0.8751059517002749]
第12幅图像的平移向量：
[-33.13234669725289;
 -23.01760509797698;
 124.7373411209825]
第13幅图像的旋转向量：
[2.25633730508113;
 1.848824396854032;
 0.6268401406375126]
第13幅图像的旋转矩阵：
[0.1491121962817689, 0.8983278230440072, 0.4132465066580021;
 0.9644192604572422, -0.2243923115007646, 0.1397983569232841;
 0.2183140924886281, 0.3776972503002356, -0.8998242851448875]
第13幅图像的平移向量：
[-26.00990308988941;
 -30.99567731126484;
 105.0563999277778]
每幅图像的标定误差：
第1幅图像的平均误差：0.0644823像素
第2幅图像的平均误差：0.0769712像素
第3幅图像的平均误差：0.057877像素
第4幅图像的平均误差：0.0596713像素
第5幅图像的平均误差：0.0625956像素
第6幅图像的平均误差：0.0658863像素
第7幅图像的平均误差：0.0568134像素
第8幅图像的平均误差：0.0643699像素
第9幅图像的平均误差：0.058048像素
第10幅图像的平均误差：0.0565483像素
第11幅图像的平均误差：0.0590138像素
第12幅图像的平均误差：0.0569968像素
第13幅图像的平均误差：0.0698826像素
总体平均误差：0.0622428像素
